11111111111111111111111111111111111111111111111111111111111111111111111111111111111111111111
11011100101110111100010011010101111001101111011111000010001100101001110100101011011010111110
11111010101111101011110010010010110111011110000101001110101101111100011111110001000100010011 
11001010101001000111110010101001111000101001011101110010001111010110110010101010101100011000
11011111100011100011011111101101001010100101011110111110110010111111101001101110111011111000
11101010111100011111101111110011100111011000110001010000011111111010010100111000110110001000
11111110010101001101001011100111011100111001101011010010111011101111001001000111111101001000
11000100100111100010100101011000110001101011010011010110100011001001000111011001011000010010
11001101101101001011111011111010000011110111011101111001001000111100100100011010111101111011
11010110111110111001011001011111110100101001110001101101100101100001011110111101101011110111
10111000010100011110111110100110111011101111111010010001001011111110001010101011101110101101
11101001110101101100101010101011000100010000110000010110001111100010100001001001110011111010
